1000
Sofia,Adams,81300,7834585,4722524,0,82,200000
Tara,Jones,57152,7199298,3862148,0,56,400000
Catherine,Harris,54008,2341524,1480483,0,46,400000
Abigail,Moore,83473,3568216,308920,0,37,400000
Jacob,Farrell,98662,3863783,1885843,0,65,400000
Joyce,Adams,64713,6523421,4202111,0,87,200000
William,Howard,75000,9274662,3594058,0,58,600000
Dainton,Wells,51944,6540767,4972797,1,70,400000
Haris,Spencer,97943,2988127,4071143,1,28,400000
Brad,Perry,,3428119,1767119,0,76,200000
Carina,Casey,56071,72145,1773188,1,85,200000
Monino,versaco,75676,3836632,1705584,0,18,400000
Ryan,Ferguson,79512,7817624,1459864,0,72,200000
Haris,Hunt,-999999999999,7678581,641933,1,17,1400000
Derek,Scott,66394,4661795,,1,76,400000
Naomi,Murray,64745,9360483,3101382,1,120,1200000
Oscar,Scott,66682,1166511,1746733,1,46,400000
Carl,Moore,50765,7489544,2667291,0,30,600000
Spike,Craig,74511,9337473,3484954,0,91,200000
Victoria,Harris,57362,619355,4606274,1,17,400000
Jordan,Gibson,74512,4572692,4572691,1,46,200000
Patrick,Davis,98144,768223,912232,0,5,800000
Arthur,Hall,70573,699820,3596364,1,85,200000
Oscar,Parker,68479,5734552,3874245,1,62,400000
Rebecca,Mitchell,74512,3462694,1794651,0,51,400000
Jessica,Davis,56056,8764781,375199,1,75,600000
Maximilian,Douglas,62385,5643213,1695840,1,7,1200000
Preston,Carroll,73665,2950235,1197444,1,25,600000
Antony,Barnes,82223,3154600,335247,0,14,800000
Maddie,Mason,82717,3390155,3159322,0,28,200000
Myra,Lloyd,88305,1199588,3964949,0,63,0
Carina,Stevens,99254,3296434,841868,0,94,200000
Ryan,Harper,78808,2347668,3681378,0,11,600000
Dale,Cooper,89419,7156391,4843706,0,64,200000
Lily,Lloyd,97379,8509626,3765195,0,43,600000
Paul,Douglas,99064,3175138,2953964,1,25,800000
Grace,Davis,60153,5174352,1690499,1,97,200000
Sarah,Bailey,96410,7114904,1534647,0,63,400000
Chloe,Watson,60558,4059547,1179166,0,21,800000
Adelaide,Phillips,93967,4089638,1503373,0,49,600000
Ada,Hall,88553,16664,2326479,0,56,400000
Jasmine,Wilson,84161,7979589,3506753,1,4,1200000
James,Ross,98371,8853554,304652,1,38,1200000
Carl,Chapman,76866,5130279,28437,1,62,600000
Oliver,Cameron,87917,2597183,4005499,0,70,200000
Chloe,Harper,55356,8502636,3316125,0,22,1000000
Heather,Ellis,61109,5055130,1961194,1,12,800000
Wilson,Ferguson,95565,2676947,426651,1,68,400000
Kelvin,Carter,68172,1501220,3168178,1,5,800000
Tess,Ellis,50263,5413236,4984652,0,34,600000
Elise,Morrison,51356,9891486,3104141,1,85,400000
Valeria,Gibson,75596,8577230,4652901,1,57,400000
Clark,Elliott,61008,1856388,1455343,0,2,400000
Henry,Morrison,77080,3241440,1793345,1,42,400000
Mike,Morris,97769,8829143,4866372,0,23,600000
Michelle,Grant,82851,9548898,4240235,1,74,400000
Alexia,Morgan,99375,4301480,4614426,1,80,200000
Myra,Harper,88651,8801110,3346454,1,1,1200000
James,Cunningham,61749,6399563,3111378,0,49,400000
Lenny,Nelson,95935,6128071,804586,1,0,1600000
Eric,Miller,60669,6289764,3685848,1,31,400000
April,Higgins,74128,4754760,4777631,0,24,400000
Derek,Mitchell,93999,3962774,2883485,0,5,600000
Freddie,Harrison,65803,6890600,4886432,1,82,200000
Natalie,Johnson,83286,8584790,3235410,0,48,800000
Gianna,Wells,50975,8794516,1936079,1,43,1000000
Cadie,Robinson,86041,5286528,372430,0,75,400000
Brooke,Ross,70843,4630512,1719913,0,23,800000
Oliver,Nelson,54049,7377830,3362436,0,95,200000
Kirsten,Hamilton,60376,9544347,4266343,0,52,600000
Sarah,Ross,79565,6204755,1154000,0,55,400000
Camila,Davis,93902,9001397,1531465,1,37,800000
Alfred,Kelly,84303,4051287,1933761,1,39,800000
Mary,Hamilton,74336,4582265,3664496,1,95,200000
Roland,Armstrong,74555,7151723,2742894,1,1,1200000
Andrew,Harris,71529,7619178,3425083,1,61,600000
Vivian,Casey,54952,509636,1639969,1,81,200000
Arthur,Robinson,96087,4967962,1036675,1,89,200000
Jack,Harrison,82891,1204781,3428353,1,88,200000
Roman,Grant,65714,2806169,3005705,1,86,200000
Fiona,Brooks,65085,274832,3393330,1,36,200000
Natalie,Ferguson,76279,167163,3837774,1,18,600000
Oscar,Nelson,65041,2482547,1736369,1,46,200000
Grace,Harper,62719,351751,199885,0,20,400000
Violet,Phillips,92044,9512652,1149091,1,49,800000
Preston,Douglas,71920,3831573,3601362,1,14,400000
Lucia,Edwards,52808,9735161,2703582,1,23,1000000
Ned,Roberts,76095,3816509,2493323,1,67,200000
Aida,Turner,88387,3939179,1116083,1,23,800000
Joyce,Montgomery,51608,67149,4846444,0,8,200000
Jacob,Moore,64123,2543422,3836214,0,16,600000
Kelvin,Dixon,88854,1382854,3336958,1,65,200000
Andrew,Richards,57536,2309828,3433,0,52,600000
Kellan,Davis,66564,8588971,905748,0,26,1000000
Byron,Allen,68167,3187483,1065289,1,9,800000
Roland,Murphy,80147,676899,2126093,0,98,200000
Paige,Kelly,95491,3370078,643945,1,17,800000
Arthur,Gibson,69816,8600173,4638688,1,45,600000
John,Hawkins,74629,8341078,2255377,0,37,800000
George,Gibson,67992,1766412,1507157,1,50,600000
Hailey,Morgan,96036,9668686,3246762,1,41,600000
Lana,Douglas,83977,9329547,4861187,0,69,600000
Roland,Robinson,95150,8216193,1582833,0,22,1000000
Miley,Taylor,96778,6203137,865587,0,66,600000
Arthur,Johnson,70106,1593791,674893,0,89,200000
Alexia,Mason,91151,8979478,3405018,0,84,200000
Antony,Payne,86902,9116710,14756,1,66,600000
Jacob,Wright,72192,365313,635576,0,30,200000
Wilson,Higgins,56658,5808785,742409,1,82,200000
Alexander,Mason,50032,3198738,2918557,1,100,0
Violet,Johnson,72379,1763930,2390973,0,46,400000
Edwin,Thomas,95568,7541453,2965020,0,47,400000
Miley,Reed,52377,2825383,1565781,1,30,600000
Mike,Carroll,50905,6267875,2332884,1,71,400000
Chloe,Ellis,81329,4375011,1571308,0,44,800000
William,Turner,57285,1358509,252410,1,29,800000
Dominik,Stewart,91868,8158706,4776643,0,39,600000
Abigail,Walker,64076,6820118,637992,1,91,200000
Jasmine,Ryan,88582,2041116,628540,0,50,600000
Elian,Moore,53984,6594971,455877,0,46,600000
Alina,Hawkins,72590,3851486,4624616,0,55,400000
Jacob,Davis,75079,1355695,4301132,1,9,400000
Emma,Perry,58252,7439075,3152749,0,74,400000
Vivian,Ellis,61247,4121642,2124714,0,73,200000
Alisa,Harris,98376,1839988,3928856,0,97,200000
Briony,Barnes,83251,5314436,1354908,1,12,1400000
Sarah,Brown,96856,1881726,38555,1,12,1200000
Daryl,Reed,80513,2877779,1830874,1,73,400000
Lucas,Parker,96368,1437204,356782,0,57,200000
Aldus,Bennett,59739,1739004,4619256,1,76,200000
Ashton,Hawkins,91079,3664577,4250186,1,28,600000
Justin,Perry,65934,3009191,2069547,1,49,400000
Harold,Richardson,77580,5126886,4852867,1,87,200000
Emily,Carroll,62154,7854974,4750176,1,69,200000
Ashton,Johnson,80813,3139748,3267636,1,37,200000
Briony,Harrison,74109,6068476,3022786,1,64,600000
Kirsten,Wells,52608,4812204,2458398,0,22,600000
Tara,Allen,60433,9837244,499432,1,57,800000
Charlie,Baker,92408,2239295,4538079,1,57,400000
Alen,Murphy,99824,4958666,4252838,1,93,200000
Adele,Owens,69675,5185521,2872037,1,11,400000
Blake,Russell,58429,3009654,402901,1,7,1000000
Frederick,Richards,79425,2648891,682324,0,58,400000
Elise,Phillips,58793,1338873,3774430,0,68,200000
Caroline,Carter,80618,8131561,2868982,1,86,400000
Rafael,Payne,94524,1505461,680318,1,25,200000
Aida,Murray,74972,3979173,80830,1,86,200000
Dainton,Hawkins,75614,5591056,2188527,1,92,200000
Aston,Martin,71747,6617637,3973828,1,13,1000000
Lilianna,Robinson,91422,5096090,2324222,0,37,600000
Alberta,Miller,89572,1854285,870719,0,91,200000
Albert,Perry,96066,2394144,3103220,0,33,400000
Haris,Morgan,99852,7552321,1765264,1,88,200000
Spike,Edwards,75649,1283714,2581107,0,63,400000
Jack,Elliott,96390,2029122,1714716,1,0,1000000
Ryan,Clark,58178,371241,3723779,0,72,200000
Arnold,Edwards,84140,2543566,2239395,1,30,800000
Lily,Wright,93961,5010313,2892817,0,40,800000
David,Walker,84533,2811238,845335,1,84,200000
Andrew,Casey,53127,6648758,2504340,1,8,1400000
Amanda,Robinson,93331,8371799,1058110,0,99,200000
Elian,Wells,83680,9702111,361085,0,90,200000
Chloe,Morris,94391,4493647,93415,0,59,400000
Charlie,Grant,93473,2430159,1605520,1,83,200000
Jessica,Edwards,97906,8104200,2957780,0,70,200000
Heather,Holmes,70318,9209744,1592540,1,89,200000
Alberta,Phillips,64603,8384114,1354430,1,61,600000
Anna,Kelley,68244,9043282,4822974,0,72,400000
Maya,Ferguson,76208,2138890,1450082,0,60,400000
Arianna,Scott,96578,8867192,3777565,1,79,400000
Ted,Evans,66953,145378,970087,0,79,200000
Miley,Morris,98869,1956047,1262521,0,74,200000
Roman,Chapman,95216,2837503,755816,1,73,400000
Aldus,Perry,82960,1605105,463080,1,91,200000
Rafael,Spencer,65203,215095,380715,0,53,400000
Camila,Howard,62907,3658757,3722896,0,61,200000
Lucy,Smith,75519,1033583,3090091,0,16,0
Maria,Riley,82235,5830892,628129,1,22,1000000
Camila,Myers,82445,3081181,3254611,1,24,800000
Brianna,Johnston,68146,9841568,3253380,0,36,1000000
Elian,Farrell,63363,8323763,3179556,1,16,1400000
Robert,Chapman,74118,963905,1567965,1,4,600000
Carina,Scott,67654,9777351,1854570,1,29,1000000
Maddie,Spencer,71262,6817300,4732143,1,69,400000
Justin,Evans,80839,5676780,1889966,0,0,1000000
Daisy,Owens,73633,8685175,524657,0,23,1000000
Natalie,Bailey,67664,4884310,3622659,0,89,200000
James,Bennett,77079,546194,3505188,1,9,400000
Adison,Robinson,72646,8792446,3598980,1,17,1000000
Hailey,Mason,93721,3381570,66456,1,70,400000
Kirsten,Carter,55241,1777341,4595972,1,40,600000
Frederick,Armstrong,68895,3215193,1038447,1,62,400000
April,Foster,87803,1884691,3977251,1,58,400000
Sam,Gray,51357,6060589,2579656,0,78,400000
Daryl,Spencer,98172,3984327,1395527,1,2,400000
Sarah,Fowler,77955,6024339,1368164,0,41,600000
Kimberly,Casey,84353,3984234,3161972,0,41,400000
Ashton,Evans,77224,4307019,514781,1,8,1000000
Kelvin,Rogers,74983,8110556,3231073,1,76,400000
Preston,Wilson,90494,861597,3124452,1,78,200000
Abigail,Kelly,56184,7613957,916312,0,65,600000
Rafael,Warren,54206,2616228,3576421,0,49,400000
Rosie,Miller,75595,587293,587293,1,90,200000
Dale,Carter,87365,4794903,4700031,0,74,400000
Mike,Hunt,85066,6001493,482469,1,19,600000
Carlos,Montgomery,89658,1359254.001,1359254,0,94,200000
Caroline,Harrison,98910,8898025,4111000,1,36,800000
Tony,Hawkins,75412,4459499,3159872,0,6,400000
Steven,Anderson,69231,4539791,1034057,1,92,200000
Alisa,Henderson,77758,3876123,2763856,1,62,400000
William,Perkins,62340,1030486,4624782,1,68,200000
Gianna,Martin,87220,9998563,4779353,1,51,800000
Rebecca,Hunt,90523,3048612,756208,1,27,600000
Ned,Allen,65381,2941354,1952813,0,0,800000
Cherry,Turner,92825,,4789843,1,79,200000
Kimberly,Richardson,92965,1646631,3310332,0,17,200000
Edgar,Dixon,78789,8698709,346305,0,93,200000
Michael,Thompson,50393,5480139,2692597,1,60,600000
Edgar,Williams,67828,1452842,2572684,1,36,200000
Jordan,Adams,68434,8193819,1394478,0,16,1400000
Honey,Stevens,88576,4318072,4654305,0,34,200000
Miller,Nelson,74524,8413547,99739,0,38,1000000
Ted,Ellis,76665,7589969,3308641,1,36,1000000
Alen,Evans,68715,4453425,3733442,0,32,800000
Carlos,Davis,68306,1237163,131049,0,30,800000
Miller,Barrett,83438,2496826,4887460,0,29,0
Leonardo,Evans,54179,4063948,3105515,1,35,600000
Kellan,Casey,69153,3898385,1111755,1,95,200000
David,Clark,90412,9304968,4828060,0,33,600000
Abigail,Richardson,50442,4625086,2506230,1,79,200000
Belinda,Farrell,78755,1601375,703265,1,67,400000
Miller,Adams,68104,6615669,4995770,1,69,200000
Ryan,Crawford,52419,1164158,2522312,0,50,400000
Jacob,Brown,93212,948525,358107,1,91,200000
Alexander,Farrell,53107,8955075,2166198,0,31,1200000
Freddie,Hall,93627,2370858,1280107,1,19,600000
Eddy,Harrison,64255,2211272,915085,1,88,200000
Frederick,Parker,69915,84619,2991820,0,42,0
Leonardo,Wells,98281,3901745,3282700,0,28,600000
James,Phillips,93258,627723,1818612,1,6,600000
Rafael,Mitchell,61429,6027367,916316,0,49,600000
Arthur,Edwards,72430,309292,4785265,0,58,200000
John,Holmes,97481,7908289,1559750,1,76,400000
Alexia,Turner,67282,7040439,1938116,1,39,600000
Charlotte,Carroll,58080,6481143,2676241,1,4,800000
Jasmine,Bennett,50619,3993008,1938065,0,18,600000
Violet,Brooks,53719,5075979,3987704,1,41,600000
Paige,Murray,86639,5726139,3396062,0,23,800000
Amelia,Lloyd,76367,6703621,4403658,0,63,200000
Daisy,Turner,56104,1568647,1970462,0,66,200000
Nicole,Turner,51827,6642218,258719,0,38,800000
Sawyer,Scott,92329,5705759,706557,0,59,600000
Dominik,Cunningham,93587,4089002,3659731,0,0,1000000
Belinda,Walker,60170,9242041,4268382,1,17,1400000
Lenny,Montgomery,90175,3938826,3523975,1,26,800000
Sawyer,Warren,87218,6690332,3581939,1,92,200000
Sydney,Henderson,76809,4383384,2156631,1,80,200000
Anna,Crawford,94650,273290,852169,0,78,200000
Preston,Ross,73999,2416014,981379,0,61,400000
Emily,Harrison,68431,7373782,4227315,1,62,400000
Chloe,Lloyd,91407,8285736,1565541,0,13,1000000
Tiana,Casey,77676,9333208,2988602,0,77,400000
Brad,Hawkins,62665,1633349,4343537,1,52,400000
Brad,Robinson,95078,1346001,350882,1,74,200000
Edward,Brown,71952,2372211,2094960,0,32,200000
Reid,Montgomery,93074,1963026,3224666,1,81,200000
Victor,Sullivan,50443,8983770,2030885,0,11,1000000
Emily,Carroll,72063,6451863,125693,0,10,800000
Walter,Harrison,78256,8457398,2213582,1,35,1000000
Kimberly,Morrison,87778,4942562,3837901,0,35,600000
Mary,Richards,90392,9832583,60177,0,72,600000
Sarah,Murphy,70640,4370520,3782883,1,65,200000
April,Grant,91398,4715646,3727592,1,86,200000
Jenna,Adams,71071,402190,2479605,1,47,600000
Maximilian,Scott,60556,2852155,1443160,0,38,600000
Kristian,Martin,86055,3539444,2104449,0,22,600000
Michelle,Anderson,95896,1926385,923165,0,77,200000
Grace,Myers,78868,1083454,4048309,1,66,400000
Alisa,Payne,84267,3565584,4671253,1,60,200000
Freddie,Holmes,59225,1069115,2600086,0,80,200000
Frederick,Gibson,64525,6252463,3500506,0,84,200000
Henry,Richardson,75125,2147725,3619742,1,68,200000
Dale,Henderson,55790,1279637,1355607,1,77,200000
Lucas,Casey,62628,2801721,54333,0,8,1000000
Blake,Hill,72454,3350163,2461540,1,68,400000
Cadie,Andrews,52071,7820536,859556,0,30,800000
Tess,Cameron,92231,8764403,2935937,1,9,1400000
Lenny,Williams,82168,1431523,4800482,0,32,200000
Ryan,Johnston,85575,6698723,4752831,1,43,400000
Sabrina,Andrews,58899,5569845,4786822,1,48,400000
Fiona,Baker,92474,9458943,2798459,0,94,200000
Kristian,Stewart,78200,5192080,4546632,0,72,200000
Evelyn,Tucker,96083,6601993,3428898,0,15,800000
Caroline,Roberts,99153,3816196,2023248,1,50,400000
Chelsea,Myers,69837,3819211,86321,0,31,800000
Vivian,Grant,56540,4762769,820156,0,45,800000
Maya,Murphy,62333,6740569,675030,0,88,200000
Antony,Smith,60260,3075107,1939039,1,33,400000
Charlie,Gray,53543,192836,1199056,1,95,200000
Joyce,Hall,92135,1592288,3960622,1,27,0
Carina,Owens,72104,1526491,1392746,0,41,200000
Amanda,Turner,85028,786569,3249027,1,100,0
Dale,Morris,63084,3067461,1403001,1,89,200000
Ashton,Warren,75830,8783180,2630979,0,93,200000
Darcy,Morris,77644,3645095,2347551,1,4,800000
Bruce,Watson,91132,6953046,3446877,1,18,1000000
Grace,Turner,92343,4551297,4343702,1,79,200000
Jordan,Mason,94531,9995796,3206765,1,71,600000
Julian,Mason,73921,7679941,642608,1,35,1200000
Carl,Stewart,77961,9862935,3765451,1,33,1000000
Isabella,Elliott,84677,8443599,722063,1,58,600000
Lyndon,Hamilton,71116,2053492,1988503,0,19,400000
Jared,Phillips,61645,5013770,2582844,1,95,200000
Elise,Walker,76016,8515744,871804,1,77,400000
Frederick,Morris,65538,8369140,3931164,1,85,200000
Savana,Bailey,99927,4880224,1474827,0,54,400000
Dale,Wilson,50151,644516,205597,0,38,200000
Thomas,Hamilton,87681,1717085,1586076,1,40,200000
Briony,Harris,64002,9259741,1940811,0,1,1400000
Arnold,Williams,88073,833108,14754,1,52,400000
Heather,Evans,70322,1316508,1606140,1,82,200000
Victor,Spencer,52881,2748757,4212766,0,92,200000
Dainton,Farrell,98852,1800770,3047873,1,68,400000
Adam,Hunt,61393,9638774,157619,0,6,1800000
Vanessa,Elliott,56714,8967295,247960,0,89,200000
Briony,Johnson,50159,8544235,2188479,1,63,600000
Camila,Davis,91789,4488538,3992541,0,62,400000
Melanie,Andrews,60794,5982711,190246,1,46,1000000
Andrew,Gray,99941,3320252,4959583,1,33,600000
Mary,Stewart,76879,9284212,1405391,1,17,1200000
Vanessa,Clark,74441,7581270,769109,1,49,800000
Bruce,Murray,56490,9613445,3146321,0,99,200000
Jack,Richardson,95561,4573690,3694556,0,58,400000
Aston,Hamilton,74295,1299645,3896691,0,69,0
Alan,Perkins,93107,2332714,692523,1,91,200000
Chester,Payne,83940,8990967,2364377,0,27,800000
Valeria,Kelley,82336,6725385,1617618,0,79,400000
Daisy,Fowler,52201,5897134,4344419,0,33,600000
Tess,Riley,67197,5733879,2029466,0,19,1000000
Justin,Phillips,56352,1715796,4115227,0,76,200000
Reid,Carter,52448,2145796,4869895,1,59,200000
Ted,Dixon,69891,4467972,193287,1,56,600000
Kirsten,Barnes,72893,6961296,3381382,1,16,1200000
Kellan,Richards,79617,7332630,2220969,1,89,200000
Nicholas,Morris,95427,693233,1823631,1,80,200000
Eddy,Foster,70660,6191501,3144139,0,100,0
Amy,Craig,78082,1264201,966253,0,45,200000
Michael,Richardson,96638,6113187,2323726,0,32,400000
Alina,Jones,78567,7307986,3560610,1,22,1000000
Sawyer,Holmes,96698,2879325,1942017,1,24,400000
Paul,Brown,71678,6157392,3624108,0,57,400000
Emma,Evans,93207,7991162,4014781,1,50,800000
Ada,Turner,59336,478791,1224368,0,0,400000
Oliver,Carroll,73172,6947397,373072,1,31,800000
Adelaide,Holmes,85880,5491863,559359,0,8,1000000
Florrie,Thompson,94949,5902449,1870851,1,53,600000
Tyler,Perkins,70186,3051935,3755144,0,74,200000
Blake,Murray,99504,2560101,1651188,1,91,200000
Reid,Ross,93656,13301,435014,0,70,400000
Edith,Perkins,80568,577386,3299419,0,22,400000
Kellan,Clark,87581,6165337,1562219,0,55,400000
Luke,Evans,75345,2895380,1107501,1,55,400000
Edith,Campbell,69408,2080313,1338980,0,14,800000
Vanessa,Dixon,92438,8641308,4213643,0,95,200000
Michael,Adams,56992,2345111,4228567,0,0,200000
Catherine,Myers,67470,8276426,485514,0,27,1200000
Marcus,Grant,84901,8671554,4410128,0,86,200000
James,Mason,59212,2167255,267701,0,63,400000
Albert,Thompson,63798,3256945,2596060,0,13,600000
Alina,Harrison,77597,3000025,3241250,1,15,600000
Adam,Walker,75034,4159501,1374447,1,34,400000
Kristian,Tucker,58575,4287683,3060430,1,39,400000
Lyndon,Morrison,52017,2245881,1750100,0,81,200000
Tiana,Myers,60182,7908630,3688075,1,58,600000
Owen,Owens,62246,2926606,3398401,0,36,600000
Frederick,Foster,97644,94848,2859946,1,35,400000
Adele,Morrison,75911,6541873,1931371,0,32,1000000
Ada,Davis,91917,6568980,3601971,0,48,200000
Alina,Clark,76958,6928232,99484,1,55,600000
Tara,Douglas,89240,9326870,4066099,1,70,400000
Lydia,Jones,90711,3634956,1368503,1,44,400000
Sawyer,Mason,81920,2533787,2768716,0,87,200000
Ashton,Barrett,82288,3875976,1831907,1,65,600000
Alen,Williams,63701,7067619,3228033,1,55,600000
Alisa,Smith,70860,1333794,2945300,1,83,200000
Carl,Richardson,56154,6674006,3084976,1,31,1000000
Maximilian,Ferguson,73912,4719656,3107144,0,99,200000
Vincent,Nelson,57120,3123897,4644855,1,11,200000
Alisa,Mitchell,53387,5713800,1135045,1,73,400000
Evelyn,Stewart,54519,6144427,1771732,1,20,800000
Sienna,Edwards,84221,274501,2677371,1,33,600000
Jacob,West,70861,3240161,299267,0,54,400000
Adison,Casey,57480,5554148,304381,0,77,200000
Lenny,Harper,57427,5484968,833023,1,79,400000
Walter,Ellis,86123,7378727,232691,1,96,200000
Luke,Miller,66640,6177620,25237,1,10,1200000
Sofia,Alexander,62872,9131004,4053882,1,36,800000
Freddie,Harrison,79218,5855697,2969453,1,56,400000
Spike,Elliott,85580,8197701,3427380,1,98,200000
Jordan,Ryan,53931,2767092,3596385,1,92,200000
Freddie,Lloyd,57129,9399662,4240540,0,76,200000
Vivian,Reed,84062,348981,3463066,0,16,200000
Daisy,Farrell,86666,1512227,4402962,1,63,200000
Tony,Payne,84161,3261525,2963636,0,90,200000
Belinda,Baker,84660,9347858,4375802,1,38,1000000
Charlie,Ross,92691,5997328,4616688,1,86,200000
Miley,Harris,88225,8495973,1113997,1,36,1200000
April,Kelley,63370,590153,1429484,0,75,200000
Victoria,Davis,60377,3164022,3028353,0,28,400000
Preston,Wright,92442,9433007,3504633,0,99,200000
Myra,Hamilton,61551,1320519,2339570,0,83,200000
Tess,Nelson,94594,6660687,1817200,1,78,200000
Arthur,Walker,92965,560497,693603,0,15,600000
Derek,Brooks,99786,1885669,429921,1,36,400000
Emily,Perry,71699,7432644,4643684,1,79,400000
Jasmine,Phillips,50046,2885609,4598240,1,89,200000
Agata,Baker,57965,3833366,2918091,1,75,200000
Ted,Reed,74330,5648551,1327625,1,3,1400000
Sarah,Dixon,69186,9832731,3236043,0,5,1600000
Samantha,Allen,56912,2973940,4357314,0,49,200000
Amber,Taylor,85093,1175221,2763099,0,5,800000
Vivian,Edwards,80439,6242303,531357,1,60,600000
Ada,Murphy,80482,9182155,64914,1,52,600000
Joyce,Harris,62337,8024624,3375381,0,72,400000
Carlos,Morgan,58679,3860514,186252,1,96,200000
Eric,Harrison,86800,7219142,3053044,1,52,600000
Amber,Rogers,88418,7106208,3838898,0,54,400000
Aldus,West,82709,9521313,2435926,1,32,800000
Blake,Cole,55376,1972213,4304412,1,38,200000
Robert,West,70095,4383099,3852410,0,84,200000
Julia,Richardson,65709,5519903,1323559,0,27,800000
Samantha,Walker,66673,462990,3773551,0,57,0
Naomi,Evans,59286,9745686,3351759,0,37,600000
Garry,Adams,51071,8511218,145753,0,51,800000
Derek,Craig,59916,7457084,4901727,0,92,200000
Patrick,Grant,76397,6492658,4784498,0,49,400000
Fenton,Morris,55675,3904204,1364420,1,12,600000
Marcus,Reed,69142,8174295,4077836,1,96,200000
Lenny,Hawkins,82767,3338458,2957465,1,49,400000
Alan,Spencer,67084,3006359,2265964,1,58,200000
Penelope,Ryan,60284,7686815,3280729,1,4,1400000
Melissa,Morgan,51097,9487989,2503836,0,83,400000
Samantha,Ellis,83044,8244356,2178550,1,63,600000
Amber,Nelson,88611,2408327,1196816,1,2,600000
Daniel,Hawkins,62949,5867220,761653,1,21,1000000
Kellan,Baker,64002,4223870,1521561,1,83,200000
Richard,Richardson,54438,7871862,2056159,1,97,200000
Naomi,Hawkins,96325,6606967,3843462,1,19,800000
Alford,Wright,77396,7172294,2475065,1,20,1000000
Brad,Cole,88683,6731412,4692435,0,0,400000
Jasmine,Warren,78891,8986652,4025754,0,75,200000
Naomi,Bailey,98995,2100506,3480793,0,65,200000
Martin,Crawford,91001,9100927,2213534,0,15,1000000
Eddy,Richards,54201,6317726,2033891,0,5,1200000
Lenny,Montgomery,90081,2349780,2505836,0,4,600000
Arianna,Harper,79171,8221833,1925371,1,39,600000
Patrick,Campbell,82852,6298647,2938429,1,90,200000
Antony,Morris,85514,108759,4270617,0,8,0
Brad,Wells,98497,9289672,419814,1,48,800000
Blake,Myers,68460,6763716,815099,1,80,400000
Adelaide,Johnston,50428,5677260,4082029,0,92,200000
Rubie,Johnson,53875,6715737,4230339,1,79,400000
Maya,Robinson,91864,2349872,2724501,0,24,200000
Max,Carter,72468,6323767,3889541,1,36,800000
Brooke,Brooks,69427,8621007,1198784,0,26,1000000
Marcus,Parker,55924,2361134,2626731,0,29,400000
Jenna,Richardson,80093,6086634,2031860,0,1,1200000
Vincent,Thomas,78321,3148191,4332838,0,93,200000
Chester,Phillips,93340,8669692,1777431,1,92,200000
George,Morris,96117,5291031,3794043,1,38,600000
Thomas,Carroll,59255,6371773,4291199,0,3,600000
Aldus,Carroll,54576,898476,4864679,1,6,400000
Tiana,Miller,51635,5850207,691489,0,37,400000
Alfred,Higgins,50435,6856399,450633,1,89,200000
Amber,Mitchell,50510,9625616,3411814,0,68,400000
Kelvin,Harrison,96687,3981946,4651105,1,82,200000
Frederick,Gray,64107,3436599,1428649,1,7,600000
Ashton,Alexander,52740,444909,2034145,0,37,400000
Ada,Anderson,73399,5967864,2077947,1,71,400000
Eric,Elliott,79116,2394908,4391841,1,18,800000
Carl,Gray,83442,181036,4876902,1,21,0
Maria,Howard,75124,2198258,1682778,1,1,400000
Carlos,Phillips,97469,9919521,1824804,0,19,1400000
Lucia,Myers,60130,5933470,863337,1,17,800000
Leonardo,Tucker,98018,951501,2861166,0,75,200000
Mike,Hamilton,52488,7895813,3588646,0,40,600000
Rafael,Turner,51374,5781971,836400,0,43,600000
Dominik,Ellis,94385,2513395,646634,1,97,200000
Lilianna,Morris,75246,4571250,2125924,0,65,400000
Emma,Payne,58488,8714820,1347711,1,97,200000
Anna,Richards,95366,6685771,3071538,1,14,600000
Kelsey,Smith,84828,1360931,2414789,1,85,200000
April,Nelson,88955,7362709,1866670,0,42,600000
Edwin,Kelley,70856,9717991,3507678,1,98,200000
Ryan,Hall,99952,6574711,1299471,1,53,600000
Brianna,Carroll,98782,2262102,3949133,0,48,400000
Miller,Ferguson,72272,9505108,4082895,1,86,200000
Dominik,Cameron,87214,5890775,1627436,1,96,200000
Amelia,Morris,66201,6570919,3758660,0,37,400000
Rosie,Scott,80994,4193347,3155610,1,74,200000
Andrew,Stevens,77739,7591347,1921295,1,65,400000
Michelle,Murphy,99597,9659497,247149,1,57,1000000
Jordan,Nelson,81711,8550024,1277088,0,25,1000000
Rubie,Mason,94081,2518041,2148686,1,7,200000
Alisa,Campbell,62845,5065958,2868756,1,38,600000
Victor,Morgan,62975,910422,4717796,0,10,200000
Emma,Phillips,86279,2395184,108789,0,68,200000
Connie,Wright,83950,7780691,3237727,1,58,400000
Arianna,Campbell,79810,5658547,1206881,0,47,400000
Arianna,Hunt,75468,7259432,4408395,1,89,200000
Samantha,Owens,73334,4489211,4247041,1,20,600000
Amy,Jones,78675,1452029,4047186,1,63,200000
Henry,Richards,65165,7197172,2093268,1,84,400000
Edward,Johnston,64676,3503361,3579916,1,60,400000
Jacob,Richardson,64310,186920,4315325,0,20,0
Kirsten,Bennett,98074,7570909,1665239,0,81,400000
Edgar,Nelson,69433,9189651,4527560,0,48,600000
Gianna,Anderson,53435,3741333,4230651,1,10,1000000
Tiana,Bennett,79950,4942727,3153322,1,56,400000
Aldus,Hawkins,61039,4248787,2251844,1,97,200000
Abigail,Robinson,84921,1261716,460024,0,85,200000
Caroline,Moore,59655,3081061,4080510,1,77,400000
Abraham,Reed,55574,4046529,3882503,1,70,200000
Gianna,Morrison,61788,2877133,742203,0,88,200000
Vanessa,Murray,72638,1808714,1412669,1,40,400000
Jacob,Perry,69544,12978,3593813,0,78,0
Grace,Myers,53715,7783685,3036115,0,98,200000
Sydney,Crawford,99515,6838142,136195,1,63,600000
Charlie,Mason,86446,8707342,2015474,0,85,400000
Oliver,Perkins,67554,9957308,2428745,1,58,600000
Kimberly,Foster,80460,1246048,379284,1,35,600000
Miller,Brooks,68266,2531241,4727896,0,83,200000
Michael,Anderson,57366,3113341,16789,1,94,200000
Lydia,Johnson,83487,9428444,685845,1,33,800000
Preston,Chapman,80036,4663823,2301144,1,73,400000
Amelia,Parker,51818,2681752,2419774,0,73,200000
Madaline,Murray,51008,7307210,4212210,1,3,800000
Amy,Kelley,80082,9218664,4585129,1,41,800000
Martin,Perkins,70417,6716372,1137771,0,56,600000
Olivia,West,61376,1331452,491317,0,75,200000
Steven,Reed,51643,7880466,3871059,0,98,200000
Leonardo,Russell,78133,8450023,3007792,0,75,200000
Haris,Wells,57445,6196670,2974005,0,16,800000
Stuart,Chapman,80441,4568458,2229745,0,30,600000
Jacob,Riley,97637,8567962,2893714,0,85,200000
Michelle,Reed,70753,4677049,1962531,1,77,200000
Daniel,Ross,90747,1515009,962624,0,45,600000
Samantha,Hunt,97187,508533,2259322,0,94,200000
Victor,Mitchell,51103,399754,1580979,0,51,400000
Marcus,Kelley,66742,1361652,1571165,1,65,400000
Rafael,Cole,84357,8103997,1808307,0,59,600000
Mary,Allen,82432,8800178,485027,0,96,200000
Maya,Bailey,72181,518782,2382554,1,47,200000
Maximilian,Andrews,84755,719662,264008,0,24,600000
Frederick,Myers,59311,880675,828819,0,13,600000
Evelyn,Murphy,59703,6039874,4856059,0,34,600000
Jenna,Higgins,73954,7563449,4688884,1,83,200000
Rosie,Jones,97350,2051114,1022184,1,41,600000
Evelyn,Armstrong,52284,7361216,1793752,0,73,400000
John,Ferguson,51336,4927200,786978,0,60,400000
Dale,Johnston,81648,667756,2515479,0,90,200000
Honey,Hill,88720,964977,1024945,1,25,200000
Carlos,Turner,87354,2471647,3263591,1,72,200000
Andrew,Richardson,84448,2559367,4089478,0,39,400000
Lily,Tucker,58844,6913504,2357882,1,58,800000
Arthur,Sullivan,68532,3080055,1491004,0,2,1200000
Garry,Turner,79407,8992673,3459808,1,25,600000
Frederick,Brown,83170,683924,2861534,0,52,0
Tara,Richardson,50346,7592360,2527121,0,66,600000
Tess,Thomas,89230,5681596,1963704,1,12,600000
Robert,Douglas,86140,6209926,46332,0,33,800000
Robert,Brown,85207,6977453,2838738,1,98,200000
Alford,Moore,70348,4652939,1273771,0,71,400000
Ashton,Evans,63266,6466018,2749078,1,84,200000
Audrey,Gibson,83411,3708885,4080895,0,29,400000
Wilson,Russell,75480,6013194,2595128,0,88,200000
Blake,Cameron,87633,1961302,94841,0,67,400000
Rubie,Ryan,78600,2172311,3060486,0,6,600000
Dominik,Higgins,97360,896972,3298922,0,19,400000
Nicole,Watson,92120,4326249,4429717,0,94,200000
Ada,Fowler,80361,3162358,4437347,1,82,200000
Thomas,Grant,82640,3654395,4090744,1,5,800000
Albert,Clark,50840,6917795,4151830,1,52,400000
Daniel,Perkins,98782,4203659,2326893,1,44,400000
Edwin,Robinson,70023,7095110,787311,0,8,1400000
Vanessa,Kelley,64302,3212883,1983112,1,34,400000
Alberta,Andrews,80086,3008105,3651605,0,17,800000
Luke,Morris,74958,2839184,4273078,1,8,200000
Alfred,Davis,79616,871865,162295,0,96,200000
Fenton,Rogers,73741,4053163,2176055,1,23,600000
Jenna,Mason,96880,5361167,967888,1,63,400000
Cadie,Reed,65279,7808990,4516730,1,73,400000
Florrie,Chapman,84745,2945487,2451050,1,87,200000
Bruce,Mitchell,70222,5466880,3465207,1,73,200000
Alfred,Kelley,95008,1993907,2158542,1,91,200000
Sophia,Moore,75380,4557090,2479980,1,18,600000
Miller,Carter,81542,655858,2547895,1,18,200000
Kirsten,Thomas,85565,3240636,,0,82,200000
Melissa,Smith,66246,5580408,2768030,0,48,600000
Joyce,Henderson,63881,2953418,4804759,0,0,200000
Melanie,Allen,54070,7821934,1360891,0,19,1000000
Agata,Wilson,92030,2440565,3682715,1,42,400000
Maddie,Jones,97936,2282037,4378039,1,78,200000
Lucy,Sullivan,64061,346160,2662420,0,82,200000
Stella,Scott,62468,7679789,1710903,0,58,800000
Arianna,Perry,62996,3403668,1685053,1,8,600000
Sabrina,Brown,94893,7853526,1577925,0,24,800000
Roland,Morrison,66557,3295084,665056,1,97,200000
Kristian,Douglas,64432,855971,3294914,0,95,200000
Harold,Grant,57407,7931593,644517,0,76,400000
Edward,Payne,86006,5128992,1989178,0,66,200000
Eddy,Myers,78042,4054213,3695620,0,37,400000
Jack,Ellis,70341,5396595,736942,1,51,800000
Sam,Anderson,92274,7544860,1121779,1,1,1200000
Ellia,Richardson,62371,663395,1234012,1,15,600000
Victoria,Casey,77512,3647030,4801843,0,90,200000
Elise,Thompson,68640,3174558,3474786,1,47,600000
Alisa,Murphy,50526,9973305,4410769,1,10,1200000
Chester,Davis,94444,8811249,3351871,0,10,800000
Maria,Davis,77478,9740852,1010363,1,42,800000
Sydney,Howard,83035,4048588,2285961,1,45,600000
Stuart,Farrell,73240,5619025,3315383,0,100,0
Edwin,Harris,90361,2522263,3417045,0,24,600000
Tony,Richardson,86347,6383595,1531281,0,63,400000
Sofia,Watson,91152,4640571,4348183,1,6,800000
David,Davis,50340,8059927,3295043,1,48,400000
Haris,Mason,91165,6201062,2722149,1,30,800000
Owen,Parker,65489,3784803,873254,0,66,400000
Dale,Murray,94153,2472569,1152501,1,,800000
Adele,Allen,56454,8015072,989545,1,37,1000000
Spike,Casey,87523,7393067,4797553,1,67,400000
Lily,Murphy,89431,9247841,2066486,1,72,600000
Ellia,Mason,56954,1025864,3346587,0,93,0
Adison,Richards,94494,3610844,1614813,1,,800000
Tyler,Bailey,90281,8275718,1268923,1,48,800000
Lydia,Campbell,63899,1416055,4764511,1,15,200000
Kevin,Russell,50739,6244332,210516,0,4,1000000
Fiona,Montgomery,71716,7925861,2824886,1,80,400000
Darcy,Bailey,67872,1591113,,0,75,200000
Fenton,Andrews,71808,9469099,1338220,0,70,400000
Abigail,Richardson,78722,8531323,3474725,1,89,200000
Spike,Grant,71027,4089705,954523,0,45,600000
Jared,Murray,60748,378292,2978024,0,91,200000
Abraham,Ryan,76204,1690760,2903723,0,71,200000
Ada,Murphy,78742,8779511,4686391,0,0,800000
Blake,Johnston,82326,1777566,2452207,1,19,600000
Edith,Davis,96157,1455244,1581845,1,67,200000
Henry,Chapman,55491,7497390,807146,0,8,1400000
Dominik,Brooks,84260,2975697,905665,0,97,200000
Jenna,Stewart,72907,5622177,3823247,1,40,400000
Carlos,Williams,88980,9572974,4645426,0,92,200000
Harold,Walker,51245,8022916,3529753,0,15,600000
Amber,Scott,50769,4489781,2734760,1,75,200000
Chloe,Nelson,90249,6350337,3886134,1,86,200000
Arthur,Davis,62623,7358304,4702969,0,53,600000
Dexter,Harper,56940,460894,4461623,0,96,200000
Reid,Roberts,59128,4124247,4130082,1,31,600000
Dainton,Parker,74735,5868278,4571835,0,38,600000
Julian,Wells,58211,709557,2416033,0,30,600000
Rebecca,Spencer,57665,2963694,1344897,0,48,200000
Briony,Chapman,89387,9486949,34024,0,99,200000
Catherine,Williams,78438,1320269,4345621,1,76,200000
Paige,Morrison,84680,7974446,4209044,0,39,600000
Chester,Mason,95027,4438393,2201589,0,40,800000
Oliver,Foster,51125,2370398,4720315,0,93,200000
Naomi,Roberts,67648,5974829,3201528,1,95,200000
Audrey,Cooper,68322,5661090,443424,0,72,400000
Camila,Wells,70656,8688119,1203293,0,98,200000
Steven,Watson,70933,1674916,180709,1,12,800000
Garry,Harris,84909,3819578,1820696,0,15,600000
Carlos,Stevens,55723,4133496,3960678,1,88,200000
Aiden,Ross,80305,3443887,1611791,1,78,400000
Nicole,Edwards,72097,9443673,1140859,0,95,200000
Stella,Watson,86478,6828991,1266505,0,11,800000
Tyler,Wilson,57164,3310492,1184257,0,58,400000
Thomas,Ferguson,84699,481111,3081157,1,67,200000
Alan,Barnes,70881,595364,3237520,0,70,200000
Elise,Reed,57343,2085835,4626396,1,62,400000
Sienna,Brooks,92384,7423701,297828,0,26,1200000
Julia,Russell,66688,3224629,3379764,1,82,200000
Victoria,Bailey,93223,5703225,770603,0,61,600000
Jordan,Bailey,57231,3462663,464419,1,31,1000000
Preston,Kelley,57015,9079731,3603858,0,66,400000
Carina,Johnson,61172,1112035,3366537,0,38,0
Adelaide,Armstrong,85954,5884010,4911320,0,29,400000
Kirsten,Hall,57982,3276028,4328512,0,93,200000
Deanna,Morgan,88163,7198565,295879,0,6,1600000
Joyce,Gibson,74093,6555568,4473591,1,30,800000
Chelsea,Gibson,71097,7302706,2320221,1,44,600000
George,Foster,74976,2578474,4034533,1,43,400000
Mary,Thomas,75429,1953661,2388427,1,65,400000
Luke,Morrison,70315,3909611,4088264,0,0,600000
Amy,Clark,62521,3040654,3695768,1,40,200000
Tyler,Mason,55843,2926127,2642703,0,57,600000
Connie,Tucker,95202,9220937,3919515,0,,400000
Briony,Roberts,54242,2970629,4858822,1,55,400000
Olivia,Moore,90002,3696019,2753488,1,10,1000000
Alina,Holmes,84196,2301685,4447892,0,11,600000
Fiona,Crawford,91627,2651683,2355775,0,70,200000
Kimberly,Fowler,95639,1451837,2606238,0,5,200000
Sam,Miller,82147,3530030,183701,1,48,600000
Maya,Phillips,60507,512570,4468719,1,84,200000
Michelle,Walker,58546,9992586,3654107,1,12,1000000
Freddie,Kelly,56031,8769167,2558504,0,18,1000000
Florrie,Ross,96551,9701523,4186225,1,15,800000
Michelle,Holmes,85764,9504876,3838567,1,38,600000
Annabella,Brooks,51383,6735323,4684374,0,65,200000
Amy,Howard,95732,3609277,3299769,0,45,600000
Frederick,Barnes,57384,81132,2142178,0,24,400000
Edward,Johnson,82293,7986884,9562,1,65,600000
Arnold,Henderson,74126,8181002,756717,0,25,1200000
Rafael,Craig,94588,841253,579724,0,64,200000
Eleanor,Roberts,64886,5761127,2927125,0,79,200000
Arthur,Crawford,80594,1982719,3218948,1,37,200000
Marcus,Richards,73523,3797116,388350,0,75,400000
April,Spencer,58086,6686771,2054618,1,95,200000
Arnold,Stevens,57021,7586965,3011293,1,79,200000
Anna,Ross,66360,1786265,334917,1,10,1000000
Jordan,Murray,81053,2240140,534106,0,97,200000
Amelia,Payne,81048,4672848,208966,0,74,200000
Dominik,Rogers,60108,5004363,1727734,0,94,200000
Edward,Stevens,66000,1227698,1128767,0,100,0
Maria,Warren,89601,2427370,784125,0,94,200000
Aston,Scott,73392,2612991,2742622,0,61,400000
Daniel,Adams,95704,7788294,1254195,1,91,200000
Ned,Higgins,51210,9635665,792850,0,86,200000
Spike,Spencer,70555,453160,3849731,0,90,200000
Honey,Cole,53439,6963376,1321347,0,80,400000
Florrie,Ryan,86358,3104757,765126,0,29,400000
Daniel,Owens,85182,4317748,4120532,0,6,800000
Jacob,Tucker,62655,9522818,1352567,0,96,200000
Ada,Cooper,79554,7358150,2169708,0,55,400000
Edwin,Russell,52748,8501407,3452080,1,26,1000000
Fenton,Payne,91202,6585216,201761,0,44,800000
Ryan,Hunt,60253,1672568,4417212,1,87,200000
Carlos,West,68669,9428837,2395548,0,81,400000
Lily,Miller,70840,6092306,1184616,1,14,1200000
Kelsey,Hill,67036,5058550,1232476,1,35,1000000
Madaline,Adams,60384,4161238,4562899,1,63,200000
Adrianna,Mason,63157,6229222,3778271,1,44,800000
Savana,Higgins,67132,6328682,1615188,1,98,200000
Sofia,Warren,70418,9755718,2067853,0,51,400000
Penelope,Tucker,79772,2967524,4743053,0,74,200000
Frederick,Johnson,57091,7992054,2561650,0,31,600000
Bruce,Brooks,52031,1607447,2976191,0,27,200000
Penelope,Morris,63019,6928276,692211,1,49,600000
Audrey,Spencer,98665,1969356,3924015,0,64,200000
Fiona,Bailey,67434,3525980,1183332,0,21,1000000
Preston,Scott,90198,5386962,3983535,1,62,200000
Garry,Brooks,95814,7111710,1447456,0,71,400000
Oscar,Riley,70604,1761130,1800892,1,82,200000
Alissa,Richards,96660,966373,2245483,0,0,800000
Alisa,Parker,72459,4497980,9966,1,81,400000
Nicole,Owens,85777,8118936,3915745,0,65,400000
Natalie,Carter,72488,7452873,1984284,1,58,600000
Alexia,Richardson,94847,4695626,1905222,0,54,400000
Amber,Hunt,81249,9379939,415856,0,70,600000
Tara,Jones,65601,1861560,3813935,0,60,400000
Amber,Allen,65735,6829866,3322922,0,4,800000
Abraham,Richardson,63040,6601916,1723900,1,25,1200000
Brianna,Parker,63152,4709614,2073876,0,13,400000
Spike,Walker,52878,2872568,3881627,0,41,200000
Elise,Chapman,72279,4670831,4536097,1,62,200000
Walter,Johnson,56135,4791513,4235622,0,65,200000
Daryl,Crawford,68484,6553091,4767425,0,10,600000
Vivian,Adams,77592,612015,4685580,0,20,0
Tess,Martin,77132,3147026,4117148,0,90,200000
Amy,Hamilton,88808,9957732,3749309,1,37,800000
Naomi,Clark,56514,3841395,1939868,0,29,200000
Aiden,Turner,72090,341897,2197436,0,43,400000
Henry,Kelly,57831,5187913,4248866,1,84,200000
Amanda,Wright,82364,1458433,2338005,1,58,400000
Adam,Rogers,83627,9957555,3539905,0,88,200000
Adison,Brooks,85497,1354072,4872610,1,22,0
Spike,Murphy,95502,9927231,2355185,0,64,600000
Chester,Foster,64822,7155192,1319689,0,86,200000
Robert,Clark,50918,730346,4026551,0,98,200000
Dominik,Carter,68697,2189809,2563760,0,16,800000
Rafael,Murray,82523,4767530,654894,1,10,800000
Charlie,Moore,82480,4121974,2485184,0,88,200000
Max,Chapman,74444,6896097,4078193,0,57,600000
Ashton,Grant,86861,4300259,34577,1,79,200000
Mike,Warren,74859,6557983,4715177,1,11,1000000
Edith,Ivanovich,71471,1406495,1380008,1,98,200000
Ellia,Miller,96822,6962545,1019260,0,42,800000
Penelope,Alexander,75033,437048,80091,1,72,200000
Lyndon,Clark,94515,3764090,816822,1,12,1200000
Patrick,Walker,91907,2576705,690170,0,13,600000
Camila,Richardson,58279,6269956,3428029,1,67,600000
Natalie,Armstrong,97367,1646395,2992918,0,55,200000
Daryl,Bailey,80539,7709809,3368049,0,11,600000
Rafael,Robinson,78603,7831210,2373465,1,54,600000
Deanna,Holmes,68359,9735129,4580034,0,28,1000000
Stella,Carter,68000,7655971,1972169,0,53,800000
Jared,Alexander,76222,7651527,1618663,0,3,1400000
Roland,Barrett,77439,8015666,2548521,0,22,1200000
Adison,Lloyd,70419,7619261,2350018,1,18,1000000
Sam,Baker,69220,6537943,4630696,1,75,200000
Alford,Johnson,82367,3310439,576546,1,92,200000
Adison,Holmes,76988,5702780,90701,1,99,200000
Tara,Douglas,96490,69171,2594545,1,63,200000
James,Gray,52415,404676,1229754,1,69,200000
Brad,Tucker,58012,2495508,371001,1,64,600000
Justin,Gray,63412,9544546,4890154,0,19,1000000
Alissa,Owens,92775,3962342,3153982,1,65,400000
Eddy,Morgan,55963,7855444,3754379,1,44,600000
Edward,Montgomery,59304,2788610,2933767,0,83,200000
Derek,Henderson,61875,7501027,4882520,1,85,200000
Carl,Gibson,71748,5190391,1822136,1,47,400000
Justin,Morrison,76464,232706,2882391,0,31,0
Frederick,Ellis,64129,24245,3721511,1,3,800000
Nicole,Owens,56203,7885535,1577242,0,28,1000000
Rubie,Harper,65386,1315192,2071803,1,98,200000
Leonardo,Scott,68349,2734455,3797761,0,39,200000
Garry,Richardson,71570,8714742,740817,1,11,1400000
Brooke,Henderson,99662,3704841,1454193,0,10,600000
Elian,Foster,62564,4305906,2869682,0,31,600000
Sophia,Dixon,63164,1491473,3931895,1,70,200000
Annabella,Taylor,55336,9267895,1674033,0,48,1000000
Brooke,Richardson,67906,9517849,1211595,1,13,1400000
Abigail,Carroll,81482,2452938,75776,NA,31,800000
Penelope,Cooper,66535,3010601,975600,1,11,1000000
Blake,Grant,74714,8633791,739036,0,68,600000
Arthur,Parker,55587,3746634,1261423,1,93,200000
Harold,Wright,56672,6192801,313930,0,85,200000
Darcy,Smith,82517,2377144,1355875,0,5,1000000
Kellan,Thompson,81444,9808988,1291217,0,85,200000
Lucas,Gray,65752,1855280,3434428,1,15,400000
Elian,Alexander,87184,1152634,1792964,0,12,800000
Camila,Campbell,66605,558210,570055,0,14,800000
Caroline,Parker,67984,4819647,2677659,0,91,200000
Emma,Cooper,63111,1058387,1114905,0,22,400000
Alina,Spencer,92181,1038608,1084924,1,82,200000
Rosie,Cooper,50226,4146525,1251009,0,14,1200000
Adam,Chapman,50315,6246973,2458468,1,18,600000
Vincent,Thomas,98859,8320624,1342084,1,89,200000
Madaline,Phillips,88583,7758413,2921413,1,73,400000
Eleanor,Watson,60571,6296415,1131367,1,71,200000
Charlotte,Murphy,53176,5259842,1444362,0,42,600000
Henry,Grant,94724,1357467,3645200,1,90,200000
Arthur,Thomas,51981,6147872,13082,1,11,800000
Isabella,Farrell,83361,7213895,201934,1,36,1200000
Byron,Scott,79688,7540293,2623913,0,42,600000
Victoria,Ross,96978,1015062,4590053,1,3,400000
Penelope,Thompson,75471,5779281,2659310,1,86,200000
Edwin,Bailey,99887,8799454,73471,1,22,1000000
Andrew,Mitchell,58744,7861936,2733998,1,35,1000000
Chester,Howard,67108,9845544,4299370,1,40,800000
Charlie,Foster,52237,5765444,3683000,0,90,200000
Frederick,Wright,58813,5687469,2000467,0,46,600000
Preston,Crawford,58681,5084748,4184332,0,94,200000
Dominik,Dixon,58997,4724054,209556,0,29,800000
Jordan,Cameron,59882,8591985,1256184,0,2,1400000
Eddy,Reed,55772,2608978,2068117,0,0,800000
Victoria,Hamilton,77160,9894726,2466881,1,31,800000
Reid,Chapman,93008,2603842,696223,0,11,1000000
Melissa,Hill,61268,7665984,101287,1,80,200000
Bruce,Thomas,62281,7651443,3314544,1,21,1000000
Catherine,Evans,88240,1300098,2458908,0,78,200000
Ashton,Kelly,86236,2417462,3695443,1,63,200000
Byron,Richardson,65855,8973789,1867719,1,70,400000
Sofia,Hamilton,62348,9877979,3452502,0,21,600000
Clark,Payne,71886,9632811,201175,1,9,1800000
Cadie,Howard,82103,1265330,1613547,0,61,400000
Evelyn,Foster,74639,9892604,191598,1,43,1000000
Grace,Murphy,96204,6615976,3255227,1,27,1000000
Ryan,Evans,84987,7421556,611244,1,79,400000
James,Stevens,81748,3268161,1680028,0,68,200000
Byron,Miller,67029,3205984,2139404,0,44,400000
Aida,Campbell,93947,4272667,4104034,0,21,800000
Owen,Mitchell,55847,3273049,2258101,1,10,1000000
George,Howard,73976,2373150,187666,0,35,600000
Miranda,Chapman,65760,255586,1904221,0,37,600000
Adrian,Mitchell,56998,4529970,3999477,0,51,600000
Alexander,Phillips,67174,325090,1464348,0,32,400000
Owen,Howard,60903,8952201,2817461,1,65,600000
Aston,Campbell,99042,2757493,703994,0,4,1000000
Fiona,Owens,64597,2266838,890664,0,22,600000
Tyler,Craig,86362,6354898,871163,0,83,400000
Deanna,Sullivan,93210,4589940,798366,1,38,400000
Samantha,Moore,50877,8484767,970951,0,85,200000
Agata,Baker,72046,6444544,3716649,1,42,800000
Stella,Wells,90720,8955578,1403020,0,10,1400000
Dale,Ryan,92054,8482276,2242158,0,93,200000
Naomi,Hamilton,64292,191354,2267757,0,65,200000
Marcus,Hall,93745,2028335,1088643,0,68,200000
Brooke,Clark,75298,6345125,1167889,1,70,600000
Annabella,Myers,76700,4554811,4329010,1,38,400000
Miley,Dixon,52439,6849799,1141116,1,39,1000000
Garry,Ellis,77107,3493955,2727395,1,73,400000
Alan,Ross,93001,1953397,2303245,1,70,400000
Spike,Roberts,91104,5486773,4022747,1,66,400000
Patrick,Mason,51642,531113,4850518,1,95,200000
Miranda,Alexander,50511,3139100,2675038,1,34,800000
Briony,Tucker,70659,659050,3132996,0,55,200000
Darcy,Ellis,63806,3525680,4860286,0,16,600000
Jordan,Smith,70397,5306964,3641477,0,97,200000
Lana,Ferguson,89174,7481077,2826618,1,98,200000
Violet,West,74403,4896707,196401,0,70,200000
Penelope,Howard,58112,8492154,969966,0,62,400000
Cherry,Hunt,80816,2929775,3652257,0,66,400000
Cherry,Johnston,68650,7437710,4619260,1,68,400000
Lucy,Riley,52396,4173117,579189,0,46,600000
Eddy,Crawford,77786,8981011,3379615,0,46,600000
Vanessa,Miller,80870,6668795,866570,1,95,200000
Lucy,Sullivan,74295,1355505,3555255,1,87,200000
Heather,Hunt,84712,8620915,2852444,0,90,200000
Valeria,Davis,73244,9738130,4250379,1,50,800000
Maddie,Barrett,50744,2124446,2598041,0,80,200000
Clark,Chapman,69860,6513176,709358,1,19,1200000
Jacob,Ferguson,88881,9756325,4453505,0,59,400000
Maddie,Harper,98680,8047311,1908433,0,34,600000
Victor,Morris,59708,5854399,2761345,0,48,400000
Arnold,Morgan,69207,5751699,4927543,0,15,600000
Adison,Wilson,52510,5138102,864200,0,96,200000
Sawyer,Taylor,57041,7575658,3776358,0,89,200000
Frederick,Warren,88177,674526,2181030,0,6,600000
Gianna,Davis,93276,4722251,2064469,1,71,200000
Briony,Murphy,99657,1442534,3358678,0,22,600000
Lucia,Ryan,75811,6501380,2598462,1,6,800000
Eric,Hamilton,61051,5822944,462028,0,19,600000
Melissa,Holmes,62914,7855172,442849,1,87,200000
Garry,Warren,63947,7582599,3123271,0,39,600000
Belinda,Harper,69496,7088003,127274,0,88,200000
Melanie,Rogers,67025,8476060,2390299,1,29,1200000
Blake,Turner,99852,9318011,712358,0,11,1600000
Ryan,Walker,65494,8885834,4378293,0,4,600000
Brad,Armstrong,59636,2248116,4108839,1,90,200000
Michael,Hunt,94569,338347,4032561,0,40,0
Daniel,Ross,63274,7232038,4502213,0,15,600000
Carina,Edwards,82232,7134271,2472100,1,41,800000
Sabrina,Cooper,93887,2086998,595397,0,18,600000
Lenny,Holmes,77890,1995482,1939238,1,63,400000
Myra,Henderson,81199,6355793,2310709,0,44,400000
Maria,Brown,60151,959474,987154,1,52,200000
Kristian,Johnston,53526,4770939,2627794,0,59,200000
Madaline,Robinson,69119,5776343,4607900,0,56,200000
Briony,Carroll,93522,4218451,1336430,1,51,600000
Hailey,Harris,69558,9682566,1943668,1,44,800000
Alen,Myers,97752,7366023,4954369,0,58,600000
Julian,Campbell,61304,4389414,2998381,1,60,600000
Edward,Campbell,59394,8913328,1710620,0,93,200000
Brooke,Dixon,55092,8215684,1578226,0,15,1400000
Kirsten,Barnes,95112,3831316,3423724,1,62,400000
Kate,Gray,81042,771687,3609580,1,8,400000
Tyler,Higgins,53833,1456097,1941314,1,89,200000
Abraham,Carroll,75720,5766821,1845097,1,13,1400000
Leonardo,Edwards,92642,7637972,4256319,1,12,600000
John,Hill,75390,6871157,4204771,1,32,600000
Julian,Roberts,61787,6395550,3590653,0,51,400000
Abraham,Anderson,85990,7424197,1023854,0,26,800000
Natalie,Smith,83212,4054739,664212,1,86,200000
Deanna,Nelson,57292,6024921,3855339,1,59,200000
Amber,Harrison,97378,5782640,844209,1,3,800000
Lucy,Douglas,88509,9302077,2867876,0,13,1400000
Annabella,West,76781,1362701,1163575,1,24,400000
Sophia,Taylor,67712,8006726,3562876,1,94,200000
Daniel,Harrison,65237,7981746,2300355,1,54,600000
Brad,Russell,73910,6709709,3245831,0,91,200000
Adam,Crawford,71407,4741428,179472,1,18,800000
April,Davis,72450,6719395,1358563,0,70,400000
Alexander,Johnston,56767,4089982,2537045,0,10,1000000
Emily,Jones,52418,3440894,2576774,1,90,200000
Ada,Ross,81198,1857756,890280,1,17,1000000
Carl,Clark,64435,4558966,3921247,1,31,600000
Jenna,Robinson,76583,937109,2041373,0,48,600000
Roman,Chapman,77777,8004745,4715489,1,47,400000
Emma,Hill,94661,3169985,2460580,0,35,600000
Walter,Andrews,90734,4275482,2482792,1,95,200000
Max,Riley,53312,8775068,1776182,0,38,600000
Alexander,Lloyd,97957,5924450,2736781,1,18,800000
Brooke,Baker,85050,3683943,2236130,0,23,800000
Alisa,Morris,61396,8246744,29238,1,35,1000000
Roland,Perry,66222,3212540,2596287,0,51,400000
Blake,Edwards,73848,8455822,806042,0,15,1000000
Sawyer,Andrews,79365,7364609,4366293,1,6,800000
Ellia,Wilson,79651,6260481,1659017,0,84,200000
Amelia,Harper,61715,3299310,4460894,0,5,800000
Ada,Douglas,52706,5877631,76117,1,87,400000
Sienna,Barnes,77644,1645404,2523387,0,45,200000
Vanessa,Campbell,79169,4956650,1913752,0,30,600000
Lucia,Spencer,57334,4054399,2931575,0,34,200000
Sarah,Harper,52897,4305652,838583,1,39,600000
Mike,Morgan,56993,5871052,3499126,1,30,600000
Sydney,Cunningham,95539,6533749,4950447,0,58,200000
Cherry,Thomas,95015,7589728,2805025,0,61,600000
Melissa,Campbell,87782,1037695,3925518,1,25,200000
Brianna,Ross,62175,21195,3789938,1,39,200000
Sophia,Morrison,88590,4487236,3307201,1,57,400000
Adele,Baker,86060,6396559,1856622,1,60,400000
Alina,Murphy,81479,8095681,911650,0,56,600000
Lucy,Gibson,62267,5701497,798180,1,100,0
Emily,Bennett,75894,9173622,3625504,0,18,800000
James,Barrett,55695,8833351,2422957,0,96,200000
Carlos,Johnson,79704,1653079,4375746,0,37,400000
James,Rogers,57448,9745309,2383993,1,85,200000
Michelle,Brown,60820,8902149,1737062,0,96,200000
Annabella,Barnes,60449,6384906,3869948,0,69,200000
Amry,Aigar,78952,422130,1869023,0,85,200000
Adrian,Andrews,67544,9327467,3639097,0,15,1200000
4
CID00001,Amry,,330405
CID00007,William,Howard,583307
CID00008,Daintn,Wells,701994
CID00009,mrHaris,Spencer,469069